831394098
831394099
831394101
831394103
831394105
831394106
831394107
831394108
831394109
831394110
831394111
831394112
831394113
831394114
831394115
831394116
831394117
831394140
831394141
831394142
831394143
831394145
831394336
831394337
831394338
831394341
831394345
831394346
831394347
831394348
831394349
831394378
831394379
831394380
831394381
831394382
831394420
831394421
831394425
831394427
831394432
831394433
831394434
831394435
831394436
831394543
831394544
831394686
831394687
831394688
831394689
831394690
831394691
831394692
831394693
831394694
831394695
831394696
831394697
831394698
831394699
831394700
831394701
831394702
831394703
831394704
831394705
831395080
831395266
831395271
831395272
831395275
831395276
831395277
831395278
831395279
831395280
831395281
831395282
831395493
831395495
831395497
831395500
831395503
831395504
831395554
831395556
831395557
831395558
831395559
831397191
831397397
831397609
831397675
831397676
831397677
831397678
831397679
831398104
831398106
831398107
831398127
831398136
831398137
831398139
831398140
831398274
831398278
831398280
831398281
831398282
831398283
831398284
831398286
831398288
831398289
831398304
831398311
831398344
831398348
831398349
831398350
831398352
831398490
831398542
831398543
831398544
831398545
831398546
831398548
831398553
831398554
831398555
831398556
831398561
831398562
831398564
831398897
831398898
831398983
831398984
831398985
831398986
831399004
831399005
831399006
831399007
831399240
831399241
831399244
831399245
831399246
831399247
831399248
831399250
831399251
831399252
831399253
831399480
831399483
831399726
831400033
831400034
831400037
831400038
831400040
831400041
831400042
831400044
831400045
831400055
831400058
831400060
831400065
831400066
831400069
831400071
831400114
831400144
831400147
831400148
831400149
831400153
831400155
831400156
831400157
831400163
831400232
831400233
831400247
831400248
831400271
831400272
831400275
831400278
831400279
831400280
831400281
831400293
831400294
831400355
831400367
831400370
831400371
831400372
831400442
831400443
831400449
831400455
831400456
831400457
831400459
831400460
831400461
831400494
831400495
831400507
831400508
831400509
831400510
831400511
831400512
831400514
831400515
831400516
831400517
831400518
831400519
831400520
831400522
831400523
831400524
831400525
831400526
831400541
831400542
831400543
831400544
831400545
831400618
831400619
831400620
831400621
831400622
831400623
831400624
831400625
831400626
831400627
831400628
831400629
831400630
831400631
831400701
831400717
831400718
831400719
831400722
831400723
831400724
831400725
831400726
831400727
831400730
831400731
831400732
831400733
831400799
831400801
831400802
831400803
831400804
831400805
831400806
831400807
831400808
831400811
831400813
831400814
831400817
831400818
831400820
831400862
831400880
831400882
831400889
831400890
831400891
831400892
831400893
831400894
831400895
831400896
831400897
831400898
831400899
831400900
831400972
831401059
831401102
831401103
831401104
831401116
831401117
831401120
831401123
831401124
831401126
831401127
831401128
831401129
831401131
831401134
831401135
831401136
831401137
831401138
831401139
831401140
831401141
831401142
831401145
831401426
831401428
831401429
831401623
831401624
831401625
831401628
831401629
831401630
831401631
831401632
831401633
831401639
831401640
831401641
831401642
831401695
831401705
831401708
831401709
831401710
831401720
831401721
831401755
831401756
831401761
831401762
831401763
831401764
831401766
831401769
831401770
831401771
831401774
831401798
831401799
831401800
831401807
831401808
831401809
831401810
831401811
831401812
831401813
831401814
831401815
831401818
831401830
831401835
831401923
831401964
831401965
831401966
831401968
831401969
831401970
831401971
831401972
831401973
831401974
831401975
831401976
831401979
831401980
831401982
831401997
831401998
831401999
831402008
831402010
831402052
831402053
831402055
831402057
831402058
831402059
831402061
831402062
831402063
831402101
831402102
831402103
831402104
831402105
831402106
831402107
831402111
831402112
831402114
831402115
831402116
831402118
831402119
831402232
831402233
831402234
831402235
831402236
831402237
831402238
831402239
831402240
831402241
831402242
831402244
831402245
831402246
831402248
831402251
831402314
831402322
831402323
831402324
831402530
831402531
831402532
831402533
831402534
831402535
831402536
831402539
831402540
831402541
831402542
831402816
831402817
831402818
831402819
831402821
831402822
831402824
831402826
831402942
831402943
831402944
831402945
831402946
831402947
831402948
831402949
831402950
831402951
831402952
831402954
831402955
831402959
831402960
831403004
831403006
831403007
831403009
831403010
831403011
831403017
831403018
831403044
831403045
831403046
831403047
831403053
831403054
831403055
831403056
831403318
831403319
831403320
831403321
831403322
831403326
831403327
831403332
831403333
831403334
831403335
831403336
831403337
831403403
831403404
831403405
831403409
831403410
831403411
831403413
831403414
831403415
831403416
831403417
831403418
831403419
831403420
831403641
831403642
831403643
831403644
831403646
831403647
831403648
831403649
831403650
831403654
831403657
831403658
831403659
831403660
831403666
831403667
831403668
831403669
831403672
831403673
831403674
831403677
831403678
831403679
831403681
831403683
831403805
831403806
831403807
831403808
831403809
831403811
831403812
831404034
831404038
831404039
831404639
831404640
831404641
831404644
831404649
831404650
831404651
831404652
831404654
831404655
831404656
831404657
831404826
831404827
831404828
831404829
831404830
831404831
831404832
831404833
831404834
831404837
831404838
831404839
831404840
831404841
831404842
831404843
831404844
831404992
831404993
831404994
831404997
831405000
831405001
831405002
831405003
831405004
831405005
831405006
831405007
831405008
831405188
831405191
831405192
831405194
831405195
831405196
831405197
831405201
831405202
831405204
831405205
831405314
831405317
831405318
831405319
831405320
831405321
831405324
831405325
831405331
831405332
831405625
831405631
831405632
831405633
831405634
831405635
831406781
831406784
831407098
831407100
831407106
831407108
831407111
831407200
831407201
831407202
831407203
831407204
831407205
831407206
831407207
831407209
831407210
831407211
831407212
831407213
831407214
831407837
831407838
831407839
831407840
831407841
831407842
831407843
831407845
831407846
831407847
831407848
831407849
831407850
831407851
831407852
831407853
831407854
831407855
831407864
831407866
831407867
831407868
831407869
831407870
831407871
831407877
831407878
831407879
831407880
831407881
831407883
831407886
831407887
831408133
831408135
831408136
831408137
831408138
831408139
831408140
831408141
831408143
831408144
831408145
831408149
831408150
831408152
831408449
831408451
831408453
831408455
831408457
831408459
831408463
831408465
831408468
831408469
831408471
831408707
831408708
831408711
831408712
831408713
831408714
831408834
831408836
831408837
831408838
831408839
831408841
831408842
831408843
831408846
831408848
831408849
831408895
831408896
831408897
831408900
831408901
831408902
831408903
831408904
831408905
831408906
831408907
831408908
831408909
831408910
831408911
831408912
831408913
831409144
831409145
831409168
831409169
831409171
831409172
831409173
831409175
831409176
831409177
831409178
831409181
831409182
831409183
831409184
831409186
831409200
831409201
831409204
831409206
831409207
831409208
831409210
831409211
831409212
831409213
831409214
831409215
831409216
831409217
831409218
831409219
831409220
831409221
831409222
831409223
831409224
831409225
831409374
831409375
831409376
831409378
831409379
831409380
831409381
831409385
831409386
831409387
831409390
831409391
831409392
831410215
831410216
831410217
831410220
831410221
831410225
831410226
831410227
831410228
831410362
831410363
831410365
831410366
831410367
831410370
831410372
831410373
831410374
831410375
831410376
831410378
831410427
831410429
831410430
831410431
831410432
831410433
831410434
831410435
831410436
831410437
831410438
831410439
831410440
831410441
831410442
831410443
831410444
831410445
831410446
831410448
831410449
831410467
831410468
831410469
831410470
831410471
831410494
831410496
831410497
831410498
831410499
831410500
831410501
831410502
831410507
831410638
831410639
831410641
831410642
831410644
831410645
831410646
831410648
831410649
831410651
831410652
831410653
831410655
831410656
831410657
831410756
831410758
831410759
831410760
831410764
831411270
831411275
831411276
831411277
831411278
831411279
831411280
831411281
831411282
831411283
831411284
831411285
831411287
831411288
831411289
831411290
831411294
831411298
831411371
831411372
831411373
831411374
831411375
831411376
831411377
831411378
831411788
831411789
831411790
831411794
831411795
831411796
831411797
831411805
831411806
831411808
831411810
831412038
831412039
831412043
831412044
831412045
831412046
831412048
831412049
831412050
831412051
831412052
831412053
831412054
831412055
831412056
831412057
831412206
831412207
831412208
831412209
831412210
831412211
831412212
831412213
831412214
831412215
831412217
831412332
831412333
831412334
831412335
831412336
831412337
831412338
831412339
831412340
831412341
831412344
831412345
831412346
831412348
831412610
831412611
831412612
831412619
831412620
831412622
831412623
831412624
831412625
831412626
831412629
831412642
831412643
831412644
831412698
831412936
831412937
831412940
831412941
831412942
831412943
831412944
831412945
831412946
831412947
831412948
831412997
831412998
831412999
831413000
831413121
831413122
831413123
831413124
831413125
831413126
831413129
831413130
831413161
831413162
831413163
831413164
831413165
831413167
831413168
831413169
831413170
831413171
831413172
831413173
831413174
831413177
831413320
831413321
831413322
831413330
831413331
831413332
831413337
831413338
831413339
831413888
831413889
831413891
831413892
831413893
831413894
831413895
831413896
831413897
831413898
831413899
831413900
831413901
831413902
831413903
831414133
831414173
831414174
831414175
831414176
831414177
831414178
831414179
831414180
831414181
831414183
831414184
831414375
831414377
831414378
831414380
831414381
831414382
831414383
831414384
831414385
831414386
831414387
831414388
831414389
831414391
831415373
831415374
831415376
